224 256 0 1 1 0 32
352 256 0 1 1 0 32
352 288 0 1 1 0 32
224 288 0 1 1 0 32
256 320 0 1 1 0 32
288 320 0 1 1 0 32
320 320 0 1 1 0 32
256 288 0 1 1 0 32
320 288 0 1 1 0 32
224 224 0 1 1 0 32
352 224 0 1 1 0 32
288 352 0 1 1 0 32
256 192 0 1 1 0 32
320 192 0 1 1 0 32
288 224 0 1 1 0 32
288 256 0 1 1 0 32
288 288 0 1 1 0 32
320 256 0 1 1 0 32
320 224 0 1 1 0 32
256 224 0 1 1 0 32
256 256 0 1 1 0 32
224 192 0 1 1 0 32
192 224 0 1 1 0 32
192 256 0 1 1 0 32
352 192 0 1 1 0 32
384 224 0 1 1 0 32
384 256 0 1 1 0 32
480 224 0 1 1 0 32
480 256 0 1 1 0 32
512 224 0 1 1 0 32
512 192 0 1 1 0 32
544 192 0 1 1 0 32
608 192 0 1 1 0 32
640 192 0 1 1 0 32
672 224 0 1 1 0 32
672 256 0 1 1 0 32
640 224 0 1 1 0 32
608 224 0 1 1 0 32
576 224 0 1 1 0 32
544 224 0 1 1 0 32
512 256 0 1 1 0 32
544 256 0 1 1 0 32
576 256 0 1 1 0 32
640 256 0 1 1 0 32
608 256 0 1 1 0 32
512 288 0 1 1 0 32
544 288 0 1 1 0 32
576 288 0 1 1 0 32
608 288 0 1 1 0 32
640 288 0 1 1 0 32
544 320 0 1 1 0 32
576 320 0 1 1 0 32
608 320 0 1 1 0 32
576 352 0 1 1 0 32
768 224 0 1 1 0 32
768 256 0 1 1 0 32
800 224 0 1 1 0 32
800 192 0 1 1 0 32
832 192 0 1 1 0 32
832 224 0 1 1 0 32
864 224 0 1 1 0 32
896 192 0 1 1 0 32
928 192 0 1 1 0 32
960 224 0 1 1 0 32
960 256 0 1 1 0 32
928 224 0 1 1 0 32
896 224 0 1 1 0 32
928 256 0 1 1 0 32
896 256 0 1 1 0 32
864 256 0 1 1 0 32
832 256 0 1 1 0 32
800 256 0 1 1 0 32
800 288 0 1 1 0 32
832 288 0 1 1 0 32
864 288 0 1 1 0 32
896 288 0 1 1 0 32
928 288 0 1 1 0 32
896 320 0 1 1 0 32
864 320 0 1 1 0 32
832 320 0 1 1 0 32
864 352 0 1 1 0 32
1056 224 0 1 1 0 32
1056 256 0 1 1 0 32
1088 224 0 1 1 0 32
1088 256 0 1 1 0 32
1088 192 0 1 1 0 32
1120 192 0 1 1 0 32
1184 192 0 1 1 0 32
1216 192 0 1 1 0 32
1248 224 0 1 1 0 32
1248 256 0 1 1 0 32
1216 256 0 1 1 0 32
1216 224 0 1 1 0 32
1184 224 0 1 1 0 32
1152 224 0 1 1 0 32
1120 224 0 1 1 0 32
1120 256 0 1 1 0 32
1184 256 0 1 1 0 32
1152 256 0 1 1 0 32
1088 288 0 1 1 0 32
1152 288 0 1 1 0 32
1184 288 0 1 1 0 32
1216 288 0 1 1 0 32
1120 288 0 1 1 0 32
1120 320 0 1 1 0 32
1152 320 0 1 1 0 32
1184 320 0 1 1 0 32
1152 352 0 1 1 0 32
1344 224 0 1 1 0 32
1344 256 0 1 1 0 32
1376 224 0 1 1 0 32
1376 256 0 1 1 0 32
1376 192 0 1 1 0 32
1408 192 0 1 1 0 32
1472 192 0 1 1 0 32
1504 192 0 1 1 0 32
1504 224 0 1 1 0 32
1504 256 0 1 1 0 32
1472 224 0 1 1 0 32
1440 224 0 1 1 0 32
1408 224 0 1 1 0 32
1408 256 0 1 1 0 32
1440 256 0 1 1 0 32
1472 256 0 1 1 0 32
1376 288 0 1 1 0 32
1408 288 0 1 1 0 32
1440 288 0 1 1 0 32
1472 288 0 1 1 0 32
1504 288 0 1 1 0 32
1408 320 0 1 1 0 32
1440 320 0 1 1 0 32
1472 320 0 1 1 0 32
1440 352 0 1 1 0 32
96 224 0 1 1 0 32
96 256 0 1 1 0 32
64 224 0 1 1 0 32
64 256 0 1 1 0 32
32 224 0 1 1 0 32
64 288 0 1 1 0 32
0 224 0 1 1 0 32
0 256 0 1 1 0 32
64 192 0 1 1 0 32
32 192 0 1 1 0 32
0 288 0 1 1 0 32
32 256 0 1 1 0 32
32 288 0 1 1 0 32
32 320 0 1 1 0 32
0 320 0 1 1 0 32
0 352 0 1 1 0 32
544 416 0 1 1 0 32
512 416 0 1 1 0 32
576 448 0 1 1 0 32
608 416 0 1 1 0 32
640 416 0 1 1 0 32
832 416 0 1 1 0 32
800 416 0 1 1 0 32
864 448 0 1 1 0 32
896 416 0 1 1 0 32
928 416 0 1 1 0 32
